<?xml version="1.0"?>
<opencv_storage>
<rotationma90 type_id="opencv-matrix">
  <rows>3</rows>
  <cols>3</cols>
  <dt>f</dt>
  <data>
    -9.97964382e-01 -6.14996031e-02 1.68765113e-02 -6.25109300e-02
    9.95728433e-01 -6.79511502e-02 -1.26254559e-02 -6.88677952e-02
    -9.97545898e-01</data></rotationma90>
</opencv_storage>
